1550135938.446486 0 0 0 1550135938.446486.jpg
1550135938.752291 0 0 0 1550135938.752291.jpg
1550135938.942147 0 0 0 1550135938.942147.jpg
1550135939.121069 0 0 0 1550135939.121069.jpg
1550135939.312384 0 0 0 1550135939.312384.jpg
1550135939.468916 0 0 0 1550135939.468916.jpg
1550135939.646852 0 0 0 1550135939.646852.jpg
1550135939.813450 0 0 0 1550135939.813450.jpg
1550135939.992788 0 0 0 1550135939.992788.jpg
1550135940.141473 0 0 0 1550135940.141473.jpg
1550135940.315318 0 0 0 1550135940.315318.jpg
1550135940.445532 0 0 0 1550135940.445532.jpg
1550135940.620500 0 0 0 1550135940.620500.jpg
1550135940.750159 0 0 0 1550135940.750159.jpg
1550135940.934375 0 0 0 1550135940.934375.jpg
1550135941.060785 0 0 0 1550135941.060785.jpg
1550135941.211945 0 0 0 1550135941.211945.jpg
1550135941.413427 0 0 0 1550135941.413427.jpg
1550135941.586694 0 0 0 1550135941.586694.jpg
1550135941.736232 0 0 0 1550135941.736232.jpg
